velocidades = 10:10:100;

